0.000000000000000000e+00 0.000000000000000000e+00
0.000000000000000000e+00 0.000000000000000000e+00
0.000000000000000000e+00 0.000000000000000000e+00
0.000000000000000000e+00 0.000000000000000000e+00
0.000000000000000000e+00 0.000000000000000000e+00
0.000000000000000000e+00 0.000000000000000000e+00
0.000000000000000000e+00 0.000000000000000000e+00
0.000000000000000000e+00 0.000000000000000000e+00
0.000000000000000000e+00 0.000000000000000000e+00
0.000000000000000000e+00 0.000000000000000000e+00
0.000000000000000000e+00 0.000000000000000000e+00
0.000000000000000000e+00 0.000000000000000000e+00
1.000000000000000000e+00 5.751317942364756163e+03
1.000000000000000000e+00 5.751317942364756163e+03
1.000000000000000000e+00 5.751317942364756163e+03
1.000000000000000000e+00 5.701317942364756163e+03
1.000000000000000000e+00 5.676317942364756163e+03
1.000000000000000000e+00 5.676317942364756163e+03
1.000000000000000000e+00 5.676317942364756163e+03
1.000000000000000000e+00 5.676317942364756163e+03
1.000000000000000000e+00 5.701317942364756163e+03
1.000000000000000000e+00 5.701317942364756163e+03
1.000000000000000000e+00 5.701317942364756163e+03
1.000000000000000000e+00 5.701317942364756163e+03
1.000000000000000000e+00 5.676317942364756163e+03
1.000000000000000000e+00 5.676317942364756163e+03
0.000000000000000000e+00 0.000000000000000000e+00
0.000000000000000000e+00 0.000000000000000000e+00
0.000000000000000000e+00 0.000000000000000000e+00
0.000000000000000000e+00 0.000000000000000000e+00
1.000000000000000000e+00 5.951317942364757073e+03
0.000000000000000000e+00 0.000000000000000000e+00
1.000000000000000000e+00 5.876317942364757073e+03
1.000000000000000000e+00 5.851317942364757073e+03
1.000000000000000000e+00 5.826317942364756163e+03
1.000000000000000000e+00 5.826317942364756163e+03
1.000000000000000000e+00 5.826317942364756163e+03
1.000000000000000000e+00 5.826317942364756163e+03
1.000000000000000000e+00 5.826317942364756163e+03
1.000000000000000000e+00 5.826317942364756163e+03
1.000000000000000000e+00 5.826317942364756163e+03
1.000000000000000000e+00 5.826317942364756163e+03
1.000000000000000000e+00 5.801317942364757073e+03
1.000000000000000000e+00 5.801317942364757073e+03
0.000000000000000000e+00 0.000000000000000000e+00
0.000000000000000000e+00 0.000000000000000000e+00
0.000000000000000000e+00 0.000000000000000000e+00
1.000000000000000000e+00 5.826317942364756163e+03
0.000000000000000000e+00 0.000000000000000000e+00
1.000000000000000000e+00 5.876317942364757073e+03
1.000000000000000000e+00 5.901317942364756163e+03
1.000000000000000000e+00 5.926317942364757073e+03
1.000000000000000000e+00 5.951317942364757073e+03
0.000000000000000000e+00 0.000000000000000000e+00
0.000000000000000000e+00 0.000000000000000000e+00
0.000000000000000000e+00 0.000000000000000000e+00
0.000000000000000000e+00 0.000000000000000000e+00
0.000000000000000000e+00 0.000000000000000000e+00
0.000000000000000000e+00 0.000000000000000000e+00
0.000000000000000000e+00 0.000000000000000000e+00
0.000000000000000000e+00 0.000000000000000000e+00
0.000000000000000000e+00 0.000000000000000000e+00
1.000000000000000000e+00 5.926317942364757073e+03
1.000000000000000000e+00 5.901317942364756163e+03
1.000000000000000000e+00 5.876317942364757073e+03
1.000000000000000000e+00 5.851317942364757073e+03
1.000000000000000000e+00 5.826317942364756163e+03
1.000000000000000000e+00 5.851317942364757073e+03
1.000000000000000000e+00 5.851317942364757073e+03
1.000000000000000000e+00 5.876317942364757073e+03
1.000000000000000000e+00 5.876317942364757073e+03
1.000000000000000000e+00 5.901317942364756163e+03
1.000000000000000000e+00 5.901317942364756163e+03
1.000000000000000000e+00 5.926317942364757073e+03
1.000000000000000000e+00 5.926317942364757073e+03
1.000000000000000000e+00 5.926317942364757073e+03
1.000000000000000000e+00 5.926317942364757073e+03
1.000000000000000000e+00 5.951317942364757073e+03
1.000000000000000000e+00 5.976317942364756163e+03
1.000000000000000000e+00 6.001317942364757073e+03
1.000000000000000000e+00 6.051317942364756163e+03
1.000000000000000000e+00 6.051317942364756163e+03
0.000000000000000000e+00 0.000000000000000000e+00
1.000000000000000000e+00 5.976317942364756163e+03
1.000000000000000000e+00 5.976317942364756163e+03
1.000000000000000000e+00 6.001317942364757073e+03
0.000000000000000000e+00 0.000000000000000000e+00
0.000000000000000000e+00 0.000000000000000000e+00
0.000000000000000000e+00 0.000000000000000000e+00
0.000000000000000000e+00 0.000000000000000000e+00
0.000000000000000000e+00 0.000000000000000000e+00
1.000000000000000000e+00 5.651317942364757073e+03
1.000000000000000000e+00 5.651317942364757073e+03
1.000000000000000000e+00 5.651317942364757073e+03
1.000000000000000000e+00 5.651317942364757073e+03
1.000000000000000000e+00 5.651317942364757073e+03
1.000000000000000000e+00 5.651317942364757073e+03
1.000000000000000000e+00 5.651317942364757073e+03
1.000000000000000000e+00 5.651317942364757073e+03
1.000000000000000000e+00 5.651317942364757073e+03
1.000000000000000000e+00 5.651317942364757073e+03
1.000000000000000000e+00 6.826317942364757073e+03
0.000000000000000000e+00 0.000000000000000000e+00
0.000000000000000000e+00 0.000000000000000000e+00
0.000000000000000000e+00 0.000000000000000000e+00
0.000000000000000000e+00 0.000000000000000000e+00
0.000000000000000000e+00 0.000000000000000000e+00
0.000000000000000000e+00 0.000000000000000000e+00
0.000000000000000000e+00 0.000000000000000000e+00
0.000000000000000000e+00 0.000000000000000000e+00
1.000000000000000000e+00 5.126317942364757073e+03
1.000000000000000000e+00 3.226317942364756618e+03
1.000000000000000000e+00 3.226317942364756618e+03
1.000000000000000000e+00 3.226317942364756618e+03
1.000000000000000000e+00 3.226317942364756618e+03
0.000000000000000000e+00 0.000000000000000000e+00
0.000000000000000000e+00 0.000000000000000000e+00
0.000000000000000000e+00 0.000000000000000000e+00
0.000000000000000000e+00 0.000000000000000000e+00
0.000000000000000000e+00 0.000000000000000000e+00
0.000000000000000000e+00 0.000000000000000000e+00
0.000000000000000000e+00 0.000000000000000000e+00
0.000000000000000000e+00 0.000000000000000000e+00
0.000000000000000000e+00 0.000000000000000000e+00
0.000000000000000000e+00 0.000000000000000000e+00
0.000000000000000000e+00 0.000000000000000000e+00
0.000000000000000000e+00 0.000000000000000000e+00
0.000000000000000000e+00 0.000000000000000000e+00
0.000000000000000000e+00 0.000000000000000000e+00
0.000000000000000000e+00 0.000000000000000000e+00
0.000000000000000000e+00 0.000000000000000000e+00
0.000000000000000000e+00 0.000000000000000000e+00
0.000000000000000000e+00 0.000000000000000000e+00
0.000000000000000000e+00 0.000000000000000000e+00
0.000000000000000000e+00 0.000000000000000000e+00
0.000000000000000000e+00 0.000000000000000000e+00
0.000000000000000000e+00 0.000000000000000000e+00
0.000000000000000000e+00 0.000000000000000000e+00
0.000000000000000000e+00 0.000000000000000000e+00
0.000000000000000000e+00 0.000000000000000000e+00
0.000000000000000000e+00 0.000000000000000000e+00
0.000000000000000000e+00 0.000000000000000000e+00
1.000000000000000000e+00 5.876317942364757073e+03
1.000000000000000000e+00 5.876317942364757073e+03
1.000000000000000000e+00 5.876317942364757073e+03
1.000000000000000000e+00 5.876317942364757073e+03
1.000000000000000000e+00 5.901317942364756163e+03
1.000000000000000000e+00 5.876317942364757073e+03
1.000000000000000000e+00 5.876317942364757073e+03
1.000000000000000000e+00 5.876317942364757073e+03
1.000000000000000000e+00 5.876317942364757073e+03
1.000000000000000000e+00 5.876317942364757073e+03
1.000000000000000000e+00 5.851317942364757073e+03
0.000000000000000000e+00 0.000000000000000000e+00
1.000000000000000000e+00 5.776317942364757073e+03
1.000000000000000000e+00 5.726317942364757073e+03
1.000000000000000000e+00 4.476317942364756163e+03
1.000000000000000000e+00 5.676317942364756163e+03
1.000000000000000000e+00 4.451317942364757073e+03
1.000000000000000000e+00 5.676317942364756163e+03
1.000000000000000000e+00 4.451317942364757073e+03
1.000000000000000000e+00 4.451317942364757073e+03
1.000000000000000000e+00 4.476317942364756163e+03
1.000000000000000000e+00 4.476317942364756163e+03
1.000000000000000000e+00 4.451317942364757073e+03
1.000000000000000000e+00 4.451317942364757073e+03
1.000000000000000000e+00 4.451317942364757073e+03
0.000000000000000000e+00 0.000000000000000000e+00
0.000000000000000000e+00 0.000000000000000000e+00
0.000000000000000000e+00 0.000000000000000000e+00
1.000000000000000000e+00 6.551317942364757073e+03
1.000000000000000000e+00 5.351317942364757073e+03
0.000000000000000000e+00 0.000000000000000000e+00
0.000000000000000000e+00 0.000000000000000000e+00
0.000000000000000000e+00 0.000000000000000000e+00
0.000000000000000000e+00 0.000000000000000000e+00
0.000000000000000000e+00 0.000000000000000000e+00
0.000000000000000000e+00 0.000000000000000000e+00
0.000000000000000000e+00 0.000000000000000000e+00
0.000000000000000000e+00 0.000000000000000000e+00
0.000000000000000000e+00 0.000000000000000000e+00
0.000000000000000000e+00 0.000000000000000000e+00
0.000000000000000000e+00 0.000000000000000000e+00
0.000000000000000000e+00 0.000000000000000000e+00
0.000000000000000000e+00 0.000000000000000000e+00
0.000000000000000000e+00 0.000000000000000000e+00
1.000000000000000000e+00 4.901317942364757073e+03
1.000000000000000000e+00 4.901317942364757073e+03
1.000000000000000000e+00 4.901317942364757073e+03
1.000000000000000000e+00 4.951317942364757073e+03
1.000000000000000000e+00 4.976317942364757073e+03
1.000000000000000000e+00 4.976317942364757073e+03
1.000000000000000000e+00 4.976317942364757073e+03
1.000000000000000000e+00 4.976317942364757073e+03
1.000000000000000000e+00 4.951317942364757073e+03
1.000000000000000000e+00 4.901317942364757073e+03
1.000000000000000000e+00 4.901317942364757073e+03
1.000000000000000000e+00 4.901317942364757073e+03
1.000000000000000000e+00 4.926317942364756163e+03
1.000000000000000000e+00 4.926317942364756163e+03
1.000000000000000000e+00 4.926317942364756163e+03
1.000000000000000000e+00 4.926317942364756163e+03
1.000000000000000000e+00 4.926317942364756163e+03
1.000000000000000000e+00 4.926317942364756163e+03
1.000000000000000000e+00 4.926317942364756163e+03
1.000000000000000000e+00 4.926317942364756163e+03
1.000000000000000000e+00 4.926317942364756163e+03
1.000000000000000000e+00 4.926317942364756163e+03
0.000000000000000000e+00 0.000000000000000000e+00
0.000000000000000000e+00 0.000000000000000000e+00
0.000000000000000000e+00 0.000000000000000000e+00
0.000000000000000000e+00 0.000000000000000000e+00
0.000000000000000000e+00 0.000000000000000000e+00
0.000000000000000000e+00 0.000000000000000000e+00
0.000000000000000000e+00 0.000000000000000000e+00
1.000000000000000000e+00 5.451317942364756163e+03
1.000000000000000000e+00 5.451317942364756163e+03
1.000000000000000000e+00 5.451317942364756163e+03
1.000000000000000000e+00 5.451317942364756163e+03
1.000000000000000000e+00 5.426317942364757073e+03
1.000000000000000000e+00 5.426317942364757073e+03
1.000000000000000000e+00 5.426317942364757073e+03
1.000000000000000000e+00 5.401317942364757073e+03
1.000000000000000000e+00 5.401317942364757073e+03
0.000000000000000000e+00 0.000000000000000000e+00
0.000000000000000000e+00 0.000000000000000000e+00
0.000000000000000000e+00 0.000000000000000000e+00
0.000000000000000000e+00 0.000000000000000000e+00
0.000000000000000000e+00 0.000000000000000000e+00
0.000000000000000000e+00 0.000000000000000000e+00
0.000000000000000000e+00 0.000000000000000000e+00
0.000000000000000000e+00 0.000000000000000000e+00
0.000000000000000000e+00 0.000000000000000000e+00
0.000000000000000000e+00 0.000000000000000000e+00
0.000000000000000000e+00 0.000000000000000000e+00
0.000000000000000000e+00 0.000000000000000000e+00
0.000000000000000000e+00 0.000000000000000000e+00
0.000000000000000000e+00 0.000000000000000000e+00
0.000000000000000000e+00 0.000000000000000000e+00
0.000000000000000000e+00 0.000000000000000000e+00
0.000000000000000000e+00 0.000000000000000000e+00
0.000000000000000000e+00 0.000000000000000000e+00
0.000000000000000000e+00 0.000000000000000000e+00
0.000000000000000000e+00 0.000000000000000000e+00
1.000000000000000000e+00 8.201317942364756163e+03
1.000000000000000000e+00 8.201317942364756163e+03
1.000000000000000000e+00 8.201317942364756163e+03
1.000000000000000000e+00 8.201317942364756163e+03
1.000000000000000000e+00 8.201317942364756163e+03
1.000000000000000000e+00 8.201317942364756163e+03
1.000000000000000000e+00 8.201317942364756163e+03
1.000000000000000000e+00 8.201317942364756163e+03
1.000000000000000000e+00 8.201317942364756163e+03
1.000000000000000000e+00 8.201317942364756163e+03
1.000000000000000000e+00 8.201317942364756163e+03
1.000000000000000000e+00 8.201317942364756163e+03
1.000000000000000000e+00 8.201317942364756163e+03
1.000000000000000000e+00 5.426317942364757073e+03
1.000000000000000000e+00 5.426317942364757073e+03
0.000000000000000000e+00 0.000000000000000000e+00
0.000000000000000000e+00 0.000000000000000000e+00
0.000000000000000000e+00 0.000000000000000000e+00
0.000000000000000000e+00 0.000000000000000000e+00
0.000000000000000000e+00 0.000000000000000000e+00
0.000000000000000000e+00 0.000000000000000000e+00
0.000000000000000000e+00 0.000000000000000000e+00
0.000000000000000000e+00 0.000000000000000000e+00
1.000000000000000000e+00 5.301317942364756163e+03
1.000000000000000000e+00 5.301317942364756163e+03
1.000000000000000000e+00 5.301317942364756163e+03
1.000000000000000000e+00 5.326317942364757073e+03
1.000000000000000000e+00 5.326317942364757073e+03
1.000000000000000000e+00 5.301317942364756163e+03
1.000000000000000000e+00 5.301317942364756163e+03
1.000000000000000000e+00 5.301317942364756163e+03
1.000000000000000000e+00 5.301317942364756163e+03
1.000000000000000000e+00 5.301317942364756163e+03
1.000000000000000000e+00 5.301317942364756163e+03
1.000000000000000000e+00 5.301317942364756163e+03
1.000000000000000000e+00 5.301317942364756163e+03
1.000000000000000000e+00 5.301317942364756163e+03
1.000000000000000000e+00 5.326317942364757073e+03
1.000000000000000000e+00 5.326317942364757073e+03
1.000000000000000000e+00 5.326317942364757073e+03
1.000000000000000000e+00 5.301317942364756163e+03
1.000000000000000000e+00 5.301317942364756163e+03
1.000000000000000000e+00 5.301317942364756163e+03
1.000000000000000000e+00 5.326317942364757073e+03
1.000000000000000000e+00 5.326317942364757073e+03
0.000000000000000000e+00 0.000000000000000000e+00
0.000000000000000000e+00 0.000000000000000000e+00
0.000000000000000000e+00 0.000000000000000000e+00
0.000000000000000000e+00 0.000000000000000000e+00
1.000000000000000000e+00 7.076317942364757073e+03
1.000000000000000000e+00 7.076317942364757073e+03
1.000000000000000000e+00 7.076317942364757073e+03
1.000000000000000000e+00 5.926317942364757073e+03
1.000000000000000000e+00 5.901317942364756163e+03
0.000000000000000000e+00 0.000000000000000000e+00
1.000000000000000000e+00 5.676317942364756163e+03
1.000000000000000000e+00 5.651317942364757073e+03
1.000000000000000000e+00 6.826317942364757073e+03
1.000000000000000000e+00 5.576317942364757073e+03
0.000000000000000000e+00 0.000000000000000000e+00
0.000000000000000000e+00 0.000000000000000000e+00
1.000000000000000000e+00 5.376317942364756163e+03
0.000000000000000000e+00 0.000000000000000000e+00
0.000000000000000000e+00 0.000000000000000000e+00
0.000000000000000000e+00 0.000000000000000000e+00
0.000000000000000000e+00 0.000000000000000000e+00
0.000000000000000000e+00 0.000000000000000000e+00
0.000000000000000000e+00 0.000000000000000000e+00
1.000000000000000000e+00 5.126317942364757073e+03
1.000000000000000000e+00 5.126317942364757073e+03
1.000000000000000000e+00 5.101317942364757073e+03
0.000000000000000000e+00 0.000000000000000000e+00
0.000000000000000000e+00 0.000000000000000000e+00
0.000000000000000000e+00 0.000000000000000000e+00
0.000000000000000000e+00 0.000000000000000000e+00
0.000000000000000000e+00 0.000000000000000000e+00
0.000000000000000000e+00 0.000000000000000000e+00
0.000000000000000000e+00 0.000000000000000000e+00
0.000000000000000000e+00 0.000000000000000000e+00
0.000000000000000000e+00 0.000000000000000000e+00
0.000000000000000000e+00 0.000000000000000000e+00
0.000000000000000000e+00 0.000000000000000000e+00
0.000000000000000000e+00 0.000000000000000000e+00
0.000000000000000000e+00 0.000000000000000000e+00
0.000000000000000000e+00 0.000000000000000000e+00
1.000000000000000000e+00 5.351317942364757073e+03
1.000000000000000000e+00 5.376317942364756163e+03
1.000000000000000000e+00 5.376317942364756163e+03
1.000000000000000000e+00 5.351317942364757073e+03
1.000000000000000000e+00 5.351317942364757073e+03
0.000000000000000000e+00 0.000000000000000000e+00
0.000000000000000000e+00 0.000000000000000000e+00
0.000000000000000000e+00 0.000000000000000000e+00
0.000000000000000000e+00 0.000000000000000000e+00
1.000000000000000000e+00 5.351317942364757073e+03
1.000000000000000000e+00 5.351317942364757073e+03
1.000000000000000000e+00 5.326317942364757073e+03
0.000000000000000000e+00 0.000000000000000000e+00
1.000000000000000000e+00 5.426317942364757073e+03
1.000000000000000000e+00 5.426317942364757073e+03
1.000000000000000000e+00 5.426317942364757073e+03
1.000000000000000000e+00 5.426317942364757073e+03
1.000000000000000000e+00 5.426317942364757073e+03
1.000000000000000000e+00 5.426317942364757073e+03
1.000000000000000000e+00 5.426317942364757073e+03
1.000000000000000000e+00 5.426317942364757073e+03
0.000000000000000000e+00 0.000000000000000000e+00
0.000000000000000000e+00 0.000000000000000000e+00
0.000000000000000000e+00 0.000000000000000000e+00
0.000000000000000000e+00 0.000000000000000000e+00
0.000000000000000000e+00 0.000000000000000000e+00
0.000000000000000000e+00 0.000000000000000000e+00
0.000000000000000000e+00 0.000000000000000000e+00
0.000000000000000000e+00 0.000000000000000000e+00
0.000000000000000000e+00 0.000000000000000000e+00
0.000000000000000000e+00 0.000000000000000000e+00
0.000000000000000000e+00 0.000000000000000000e+00
0.000000000000000000e+00 0.000000000000000000e+00
0.000000000000000000e+00 0.000000000000000000e+00
0.000000000000000000e+00 0.000000000000000000e+00
0.000000000000000000e+00 0.000000000000000000e+00
0.000000000000000000e+00 0.000000000000000000e+00
0.000000000000000000e+00 0.000000000000000000e+00
1.000000000000000000e+00 8.201317942364756163e+03
1.000000000000000000e+00 8.201317942364756163e+03
1.000000000000000000e+00 5.451317942364756163e+03
1.000000000000000000e+00 8.201317942364756163e+03
1.000000000000000000e+00 5.426317942364757073e+03
1.000000000000000000e+00 5.426317942364757073e+03
1.000000000000000000e+00 5.426317942364757073e+03
1.000000000000000000e+00 5.426317942364757073e+03
1.000000000000000000e+00 5.426317942364757073e+03
1.000000000000000000e+00 5.426317942364757073e+03
1.000000000000000000e+00 5.426317942364757073e+03
1.000000000000000000e+00 5.426317942364757073e+03
1.000000000000000000e+00 5.426317942364757073e+03
0.000000000000000000e+00 0.000000000000000000e+00
0.000000000000000000e+00 0.000000000000000000e+00
0.000000000000000000e+00 0.000000000000000000e+00
0.000000000000000000e+00 0.000000000000000000e+00
0.000000000000000000e+00 0.000000000000000000e+00
0.000000000000000000e+00 0.000000000000000000e+00
0.000000000000000000e+00 0.000000000000000000e+00
0.000000000000000000e+00 0.000000000000000000e+00
1.000000000000000000e+00 5.426317942364757073e+03
1.000000000000000000e+00 5.426317942364757073e+03
1.000000000000000000e+00 5.426317942364757073e+03
1.000000000000000000e+00 5.401317942364757073e+03
1.000000000000000000e+00 5.376317942364756163e+03
1.000000000000000000e+00 5.376317942364756163e+03
1.000000000000000000e+00 5.351317942364757073e+03
0.000000000000000000e+00 0.000000000000000000e+00
0.000000000000000000e+00 0.000000000000000000e+00
0.000000000000000000e+00 0.000000000000000000e+00
0.000000000000000000e+00 0.000000000000000000e+00
0.000000000000000000e+00 0.000000000000000000e+00
0.000000000000000000e+00 0.000000000000000000e+00
0.000000000000000000e+00 0.000000000000000000e+00
0.000000000000000000e+00 0.000000000000000000e+00
0.000000000000000000e+00 0.000000000000000000e+00
0.000000000000000000e+00 0.000000000000000000e+00
0.000000000000000000e+00 0.000000000000000000e+00
1.000000000000000000e+00 5.901317942364756163e+03
1.000000000000000000e+00 5.926317942364757073e+03
1.000000000000000000e+00 5.926317942364757073e+03
1.000000000000000000e+00 5.926317942364757073e+03
1.000000000000000000e+00 5.926317942364757073e+03
1.000000000000000000e+00 5.901317942364756163e+03
1.000000000000000000e+00 5.901317942364756163e+03
1.000000000000000000e+00 5.901317942364756163e+03
1.000000000000000000e+00 5.901317942364756163e+03
0.000000000000000000e+00 0.000000000000000000e+00
1.000000000000000000e+00 6.001317942364757073e+03
1.000000000000000000e+00 6.001317942364757073e+03
1.000000000000000000e+00 6.026317942364757073e+03
1.000000000000000000e+00 6.026317942364757073e+03
1.000000000000000000e+00 6.026317942364757073e+03
1.000000000000000000e+00 6.026317942364757073e+03
1.000000000000000000e+00 6.026317942364757073e+03
1.000000000000000000e+00 6.026317942364757073e+03
1.000000000000000000e+00 6.026317942364757073e+03
0.000000000000000000e+00 0.000000000000000000e+00
0.000000000000000000e+00 0.000000000000000000e+00
0.000000000000000000e+00 0.000000000000000000e+00
0.000000000000000000e+00 0.000000000000000000e+00
0.000000000000000000e+00 0.000000000000000000e+00
0.000000000000000000e+00 0.000000000000000000e+00
0.000000000000000000e+00 0.000000000000000000e+00
0.000000000000000000e+00 0.000000000000000000e+00
0.000000000000000000e+00 0.000000000000000000e+00
0.000000000000000000e+00 0.000000000000000000e+00
0.000000000000000000e+00 0.000000000000000000e+00
1.000000000000000000e+00 5.651317942364757073e+03
1.000000000000000000e+00 5.651317942364757073e+03
1.000000000000000000e+00 5.626317942364756163e+03
1.000000000000000000e+00 5.626317942364756163e+03
1.000000000000000000e+00 5.651317942364757073e+03
0.000000000000000000e+00 0.000000000000000000e+00
1.000000000000000000e+00 5.826317942364756163e+03
1.000000000000000000e+00 5.876317942364757073e+03
1.000000000000000000e+00 5.876317942364757073e+03
1.000000000000000000e+00 5.876317942364757073e+03
0.000000000000000000e+00 0.000000000000000000e+00
0.000000000000000000e+00 0.000000000000000000e+00
0.000000000000000000e+00 0.000000000000000000e+00
0.000000000000000000e+00 0.000000000000000000e+00
1.000000000000000000e+00 5.576317942364757073e+03
1.000000000000000000e+00 5.601317942364756163e+03
1.000000000000000000e+00 5.626317942364756163e+03
1.000000000000000000e+00 5.701317942364756163e+03
1.000000000000000000e+00 5.726317942364757073e+03
1.000000000000000000e+00 5.751317942364756163e+03
1.000000000000000000e+00 5.726317942364757073e+03
1.000000000000000000e+00 5.676317942364756163e+03
1.000000000000000000e+00 5.676317942364756163e+03
1.000000000000000000e+00 5.676317942364756163e+03
1.000000000000000000e+00 5.676317942364756163e+03
1.000000000000000000e+00 5.751317942364756163e+03
1.000000000000000000e+00 5.776317942364757073e+03
1.000000000000000000e+00 5.776317942364757073e+03
1.000000000000000000e+00 4.451317942364757073e+03
1.000000000000000000e+00 4.451317942364757073e+03
1.000000000000000000e+00 4.451317942364757073e+03
1.000000000000000000e+00 4.451317942364757073e+03
1.000000000000000000e+00 4.451317942364757073e+03
1.000000000000000000e+00 5.651317942364757073e+03
1.000000000000000000e+00 5.651317942364757073e+03
1.000000000000000000e+00 5.651317942364757073e+03
1.000000000000000000e+00 4.451317942364757073e+03
1.000000000000000000e+00 4.451317942364757073e+03
1.000000000000000000e+00 4.451317942364757073e+03
0.000000000000000000e+00 0.000000000000000000e+00
0.000000000000000000e+00 0.000000000000000000e+00
0.000000000000000000e+00 0.000000000000000000e+00
0.000000000000000000e+00 0.000000000000000000e+00
0.000000000000000000e+00 0.000000000000000000e+00
0.000000000000000000e+00 0.000000000000000000e+00
0.000000000000000000e+00 0.000000000000000000e+00
0.000000000000000000e+00 0.000000000000000000e+00
0.000000000000000000e+00 0.000000000000000000e+00
0.000000000000000000e+00 0.000000000000000000e+00
0.000000000000000000e+00 0.000000000000000000e+00
0.000000000000000000e+00 0.000000000000000000e+00
0.000000000000000000e+00 0.000000000000000000e+00
0.000000000000000000e+00 0.000000000000000000e+00
0.000000000000000000e+00 0.000000000000000000e+00
0.000000000000000000e+00 0.000000000000000000e+00
0.000000000000000000e+00 0.000000000000000000e+00
0.000000000000000000e+00 0.000000000000000000e+00
0.000000000000000000e+00 0.000000000000000000e+00
0.000000000000000000e+00 0.000000000000000000e+00
0.000000000000000000e+00 0.000000000000000000e+00
0.000000000000000000e+00 0.000000000000000000e+00
0.000000000000000000e+00 0.000000000000000000e+00
0.000000000000000000e+00 0.000000000000000000e+00
0.000000000000000000e+00 0.000000000000000000e+00
